x=[26.3 33.5 39.1 43.1 47.0 50.0 54.5 56.8 64.9 72.0 77.0];
y=[8.85 8.17 7.49 7.16 6.81 6.58 6.21 5.91 5.48 5.11 5.98];

%jintianxuexi
%11.14
%http://blog.csdn.net/jairuschan/article/details/7517773/
%最小二乘法python原理